A: 49.22 30.318511763534104
B: 91.42 14.913943274667501
C: 25.05 25.746825823778746
D: 31.259999999999998 14.633416168140645
