A: 6.99 40.2161877302605
B: 50.365 28.94414826437289
C: 67.17 31.313345593291338
D: 74.62 35.40526608665252
