A: 55.86 35.37497058656021
B: 64.69 23.47709982088929
C: 41.745000000000005 17.712031692233015
D: 76.825 33.651317210474836
