A: 65.7 14.122809761359653
B: 39.045 27.24078089464397
C: 72.31 30.409340407184104
D: 35.745000000000005 26.8073883239304
