A: 66.56 19.181729431936006
B: 36.58 18.171131465871905
C: 34.94 30.509924068516902
D: 62.75 18.837710184627007
