A: 31.520000000000003 20.40101277442427
B: 44.2 20.79336682694748
C: 41.09 28.975007851595144
D: 45.055 29.65113235611753
