A: 66.47 23.238617975948973
B: 77.36 12.814430098525648
C: 69.005 28.858487919501258
D: 47.03 19.784854476762437
