A: 70.55000000000001 24.897879260424304
B: 35.75 16.61623784134062
C: 29.525000000000002 33.48405478731631
D: 22.53 32.24529708345079
