A: 68.45500000000001 22.807764577003155
B: 35.49 11.554370601638153
C: 57.76 21.063337289655166
D: 78.32499999999999 6.774999999999999
