A: 65.795 30.033712203955076
B: 95.285 18.819081240857642
C: 32.69 32.632492508953995
D: 35.12 23.440247950907004
